FID,CAM_ID,lat,lon,ele,time,CreationTi,g13b65me,g13b64me,g13b54me,aspect1,aspect2,aspect3,slope1,slope2,slope3
0,CAM40,26.812501000000001,-103.769531000000000,1131.787720000000000,2018-10-17T18:20:22Z,2018-10-17T18:20:22Z,-9999,-9999,1140,-9999.0000000,-1.0000000,-9999.0000000,-9999.0000000,0.0000000,-9999.0000000
1,CAM39,26.804490999999999,-103.775487000000000,1129.958251999999900,2018-10-17T17:32:48Z,2018-10-17T17:32:48Z,-9999,-9999,1140,-9999.0000000,-1.0000000,-9999.0000000,-9999.0000000,0.0000000,-9999.0000000
2,CAM38,26.795939030000000,-103.779596000000000,1133.016967999999900,2018-10-17T16:51:49Z,2018-10-17T16:51:49Z,-9999,-9999,1138,-9999.0000000,12.2216997,-9999.0000000,-9999.0000000,0.7303410,-9999.0000000
3,CAM37,26.788069010000001,-103.785679000000000,1130.853638000000000,2018-10-17T16:03:47Z,2018-10-17T16:03:47Z,-9999,-9999,1138,-9999.0000000,11.7851000,-9999.0000000,-9999.0000000,1.1457601,-9999.0000000
4,CAM36,26.779809990000000,-103.791799999999990,1120.451904000000000,2018-10-17T15:05:31Z,2018-10-17T15:05:31Z,-9999,-9999,1128,-9999.0000000,343.8169861,-9999.0000000,-9999.0000000,0.2025700,-9999.0000000
5,CAM10,26.760404040000001,-103.684214000000000,1125.651978000000100,2018-09-08T19:43:00Z,2018-09-08T19:43:00Z,-9999,-9999,1120,-9999.0000000,-1.0000000,-9999.0000000,-9999.0000000,0.0000000,-9999.0000000
6,CAM31,26.759615969999999,-103.785962000000000,1126.713013000000000,2018-10-16T15:08:39Z,2018-10-16T15:08:39Z,-9999,-9999,1130,-9999.0000000,45.0000000,-9999.0000000,-9999.0000000,0.0000000,-9999.0000000
7,CAM5,26.745311999999998,-103.706190000000010,1122.976685000000100,2018-09-08T15:42:20Z,2018-09-08T15:42:20Z,-9999,1130,1111,-9999.0000000,190.8739929,-1.0000000,-9999.0000000,0.5729390,0.0000000
8,CAM9,26.751349990000001,-103.684563000000000,1127.261230000000100,2018-09-08T19:08:47Z,2018-09-08T19:08:47Z,-9999,1130,1116,-9999.0000000,180.0000000,-1.0000000,-9999.0000000,0.5729390,0.0000000
9,CAM32,26.752999970000001,-103.792990000000000,1119.076904000000000,2018-10-16T15:41:02Z,2018-10-16T15:41:02Z,-9999,1120,1122,-9999.0000000,184.1499939,-1.0000000,-9999.0000000,0.4529530,0.0000000
10,CAM33,26.747520970000000,-103.801199999999990,1115.719360000000100,2018-10-16T16:26:23Z,2018-10-16T16:26:23Z,-9999,1120,1118,-9999.0000000,257.5780029,-1.0000000,-9999.0000000,0.0000000,0.0000000
11,CAM1,26.742730040000001,-103.746523000000000,1133.922241000000000,2018-09-07T17:35:37Z,2018-09-07T17:35:37Z,-9999,1132,-9999,-9999.0000000,-9999.0000000,-1.0000000,-9999.0000000,-9999.0000000,1.1457601
12,CAM2,26.742054039999999,-103.736380999999990,1135.540039000000000,2018-09-07T18:24:52Z,2018-09-07T18:24:52Z,-9999,1135,-9999,-9999.0000000,-9999.0000000,41.1548996,-9999.0000000,-9999.0000000,0.2025700
13,CAM3,26.742730040000001,-103.726207000000000,1134.370116999999900,2018-09-07T18:57:29Z,2018-09-07T18:57:29Z,-9999,1131,-9999,-9999.0000000,-9999.0000000,58.4101982,-9999.0000000,-9999.0000000,0.2025700
14,CAM4,26.742943019999998,-103.716053000000000,1126.435669000000000,2018-09-08T15:06:06Z,2018-09-08T15:06:06Z,-9999,1130,-9999,-9999.0000000,-9999.0000000,-1.0000000,-9999.0000000,-9999.0000000,0.0000000
15,CAM8,26.742251010000000,-103.685367000000000,1131.349609000000100,2018-09-08T18:36:58Z,2018-09-08T18:36:58Z,-9999,1130,-9999,-9999.0000000,-9999.0000000,-1.0000000,-9999.0000000,-9999.0000000,0.0000000
16,CAM34,26.740841010000000,-103.808385000000000,1114.045775999999900,2018-10-16T17:00:38Z,2018-10-16T17:00:38Z,-9999,1120,-9999,-9999.0000000,-9999.0000000,-1.0000000,-9999.0000000,-9999.0000000,0.0000000
17,CAM50,26.744083969999998,-103.629040000000000,1125.163086000000000,2018-10-19T18:35:29Z,2018-10-19T18:35:29Z,1122,-9999,-9999,129.1020050,-9999.0000000,-9999.0000000,0.6405600,-9999.0000000,-9999.0000000
18,CAM7,26.733138040000000,-103.686712000000000,1133.194823999999900,2018-09-08T18:08:14Z,2018-09-08T18:08:14Z,-9999,1133,-9999,-9999.0000000,-9999.0000000,1.2749400,-9999.0000000,-9999.0000000,1.0127500
19,CAM35,26.736673000000000,-103.817490000000010,1111.000000000000000,2018-10-16T17:00:38Z,2018-10-16T17:00:38Z,-9999,1120,-9999,-9999.0000000,-9999.0000000,-1.0000000,-9999.0000000,-9999.0000000,0.0000000
20,CAM49,26.735768029999999,-103.633420000000000,1128.632812000000100,2018-10-19T17:57:35Z,2018-10-19T17:57:35Z,1125,-9999,-9999,180.0000000,-9999.0000000,-9999.0000000,0.5729390,-9999.0000000,-9999.0000000
21,CAM6,26.724476010000000,-103.689747999999990,1138.242064999999900,2018-09-08T17:29:36Z,2018-09-08T17:29:36Z,-9999,1140,-9999,-9999.0000000,-9999.0000000,-1.0000000,-9999.0000000,-9999.0000000,0.0000000
22,CAM48,26.729012969999999,-103.640337000000000,1131.795775999999900,2018-10-19T17:17:10Z,2018-10-19T17:17:10Z,1129,-9999,-9999,-1.0000000,-9999.0000000,-9999.0000000,0.0000000,-9999.0000000,-9999.0000000
23,CAM47,26.720160000000000,-103.642899000000000,1137.728760000000000,2018-10-19T16:39:27Z,2018-10-19T16:39:27Z,1139,-9999,-9999,135.0000000,-9999.0000000,-9999.0000000,0.9058500,-9999.0000000,-9999.0000000
24,CAM46,26.711067990000000,-103.645600000000000,1140.774535999999900,2018-10-19T15:52:24Z,2018-10-19T15:52:24Z,1140,-9999,-9999,-1.0000000,-9999.0000000,-9999.0000000,0.0000000,-9999.0000000,-9999.0000000
25,CAM41,26.691192980000000,-103.648486000000010,1165.826904000000000,2018-10-18T15:24:55Z,2018-10-18T15:24:55Z,1165,-9999,-9999,213.6750031,-9999.0000000,-9999.0000000,1.8337300,-9999.0000000,-9999.0000000
26,CAM42,26.685382980000000,-103.656394000000010,1173.343139999999900,2018-10-18T16:00:18Z,2018-10-18T16:00:18Z,1170,-9999,-9999,7.4067101,-9999.0000000,-9999.0000000,1.2968700,-9999.0000000,-9999.0000000
27,CAM43,26.678671090000002,-103.663258000000000,1180.856201000000100,2018-10-18T17:39:29Z,2018-10-18T17:39:29Z,1180,1180,-9999,135.0000000,-9999.0000000,135.0000000,0.8102310,-9999.0000000,0.8102310
28,CAM44,26.672301010000002,-103.670666999999990,1179.581298999999900,2018-10-18T17:39:29Z,2018-10-18T17:39:29Z,1180,1180,-9999,290.6749878,-9999.0000000,290.6749878,0.0000000,-9999.0000000,0.0000000
29,CAM45,26.666309040000002,-103.678332000000000,1177.145630000000000,2018-10-18T18:29:45Z,2018-10-18T18:29:45Z,-9999,1176,-9999,-9999.0000000,-9999.0000000,160.4739990,-9999.0000000,-9999.0000000,0.8102310
30,CAM12,26.645312959999998,-103.713576000000000,1171.220458999999900,2018-09-09T16:26:05Z,2018-09-09T16:26:05Z,-9999,1170,-9999,-9999.0000000,-9999.0000000,-1.0000000,-9999.0000000,-9999.0000000,0.0000000
31,CAM13,26.645893990000001,-103.703249000000000,1171.867798000000000,2018-09-09T17:04:03Z,2018-09-09T17:04:03Z,-9999,1170,-9999,-9999.0000000,-9999.0000000,-1.0000000,-9999.0000000,-9999.0000000,0.0000000
32,CAM14,26.647269970000000,-103.693335000000000,1175.373169000000000,2018-09-09T17:40:40Z,2018-09-09T17:40:40Z,-9999,1180,-9999,-9999.0000000,-9999.0000000,127.6429977,-9999.0000000,-9999.0000000,0.2025700
33,CAM15,26.648643010000001,-103.683083000000000,1184.696167000000100,2018-09-09T18:22:20Z,2018-09-09T18:22:20Z,-9999,1181,-9999,-9999.0000000,-9999.0000000,281.6390076,-9999.0000000,-9999.0000000,0.6405600
34,CAM29,26.648689019999999,-103.796003000000000,1126.240601000000000,2018-09-11T16:59:48Z,2018-09-11T16:59:48Z,-9999,1124,-9999,-9999.0000000,-9999.0000000,135.0000000,-9999.0000000,-9999.0000000,0.5729390
35,CAM30,26.651769959999999,-103.805605000000000,1123.487793000000000,2018-09-11T17:34:26Z,2018-09-11T17:34:26Z,-9999,1119,-9999,-9999.0000000,-9999.0000000,-1.0000000,-9999.0000000,-9999.0000000,0.0000000
36,CAM11,26.644068000000001,-103.725171000000000,1169.920044000000000,2018-09-09T15:53:56Z,2018-09-09T15:53:56Z,-9999,1174,-9999,-9999.0000000,-9999.0000000,166.1860046,-9999.0000000,-9999.0000000,0.6405600
37,CAM24,26.639606980000000,-103.810023000000000,1123.264893000000000,2018-09-10T21:06:06Z,2018-09-10T21:06:06Z,-9999,1119,-9999,-9999.0000000,-9999.0000000,-1.0000000,-9999.0000000,-9999.0000000,0.0000000
38,CAM25,26.642932999999999,-103.819818000000000,1116.548462000000000,2018-09-10T21:45:28Z,2018-09-10T21:45:28Z,-9999,1119,-9999,-9999.0000000,-9999.0000000,-1.0000000,-9999.0000000,-9999.0000000,0.0000000
39,CAM27,26.640991000000000,-103.777811000000000,1141.015380999999900,2018-09-11T15:52:49Z,2018-09-11T15:52:49Z,-9999,1144,-9999,-9999.0000000,-9999.0000000,339.2229919,-9999.0000000,-9999.0000000,1.9210401
40,CAM28,26.644507959999999,-103.786998000000000,1131.023682000000000,2018-09-11T16:25:55Z,2018-09-11T16:25:55Z,-9999,1131,-9999,-9999.0000000,-9999.0000000,273.6059875,-9999.0000000,-9999.0000000,0.7303410
41,CAM16,26.635928000000000,-103.711939000000000,1173.877930000000100,2018-09-09T20:05:39Z,2018-09-09T20:05:39Z,-9999,1170,-9999,-9999.0000000,-9999.0000000,-1.0000000,-9999.0000000,-9999.0000000,0.0000000
42,CAM17,26.629999980000001,-103.720513000000000,1168.125732000000000,2018-09-09T20:58:47Z,2018-09-09T20:58:47Z,-9999,1170,-9999,-9999.0000000,-9999.0000000,-1.0000000,-9999.0000000,-9999.0000000,0.0000000
43,CAM18,26.631020979999999,-103.730577000000000,1174.245971999999900,2018-09-09T21:54:44Z,2018-09-09T21:54:44Z,-9999,1175,-9999,-9999.0000000,-9999.0000000,36.7009010,-9999.0000000,-9999.0000000,4.5202298
44,CAM22,26.632958039999998,-103.790873000000000,1132.677124000000000,2018-09-10T20:06:22Z,2018-09-10T20:06:22Z,-9999,1127,-9999,-9999.0000000,-9999.0000000,104.8190002,-9999.0000000,-9999.0000000,0.6405600
45,CAM23,26.636218010000000,-103.800711000000010,1125.352051000000100,2018-09-10T20:36:43Z,2018-09-10T20:36:43Z,-9999,1120,-9999,-9999.0000000,-9999.0000000,291.3179932,-9999.0000000,-9999.0000000,0.2025700
46,CAM26,26.634198980000001,-103.771086000000000,1145.090942000000000,2018-09-11T15:17:41Z,2018-09-11T15:17:41Z,-9999,1150,-9999,-9999.0000000,-9999.0000000,-1.0000000,-9999.0000000,-9999.0000000,0.0000000
47,CAM52,26.635955989999999,-103.825670000000000,1114.303832999999900,2018-10-21T15:53:00Z,2018-10-21T15:53:00Z,-9999,1119,-9999,-9999.0000000,-9999.0000000,-1.0000000,-9999.0000000,-9999.0000000,0.0000000
48,CAM20,26.629698980000001,-103.751335999999990,1153.796509000000000,2018-09-10T15:07:28Z,2018-09-10T15:07:28Z,-9999,1155,-9999,-9999.0000000,-9999.0000000,135.0000000,-9999.0000000,-9999.0000000,1.2809600
49,CAM19,26.629689010000000,-103.740562000000000,1159.128784000000000,2018-09-10T15:40:55Z,2018-09-10T15:40:55Z,-9999,1163,-9999,-9999.0000000,-9999.0000000,351.1669922,-9999.0000000,-9999.0000000,1.9103400
50,CAM21,26.630298960000001,-103.781192000000000,1138.158936000000000,2018-09-10T19:35:51Z,2018-09-10T19:35:51Z,-9999,1136,-9999,-9999.0000000,-9999.0000000,45.0000000,-9999.0000000,-9999.0000000,1.1457601
51,CAM51,26.625466039999999,-103.826033000000000,1116.369629000000000,2018-10-21T15:01:22Z,2018-10-21T15:01:22Z,-9999,1119,-9999,-9999.0000000,-9999.0000000,45.0000000,-9999.0000000,-9999.0000000,0.0000000
52,CAM53,26.616402019999999,-103.825573000000010,1120.701172000000000,2018-10-21T16:45:04Z,2018-10-21T16:45:04Z,-9999,1118,-9999,-9999.0000000,-9999.0000000,297.8280029,-9999.0000000,-9999.0000000,0.0000000
53,CAM56,26.612199000000000,-103.836020000000000,1119.370971999999900,2018-10-22T20:39:52Z,2018-10-22T20:39:52Z,-9999,1118,-9999,-9999.0000000,-9999.0000000,-1.0000000,-9999.0000000,-9999.0000000,0.0000000
54,CAM57,26.611449990000001,-103.846259000000000,1120.734985000000100,2018-10-22T21:20:14Z,2018-10-22T21:20:14Z,-9999,1118,-9999,-9999.0000000,-9999.0000000,-1.0000000,-9999.0000000,-9999.0000000,0.0000000
55,CAM58,26.609551990000000,-103.856084000000000,1123.959106000000000,2018-10-22T22:04:18Z,2018-10-22T22:04:18Z,-9999,1119,-9999,-9999.0000000,-9999.0000000,225.0000000,-9999.0000000,-9999.0000000,0.2025700
56,CAM54,26.608109970000001,-103.821689000000010,1120.023926000000100,2018-10-21T17:50:47Z,2018-10-21T17:50:47Z,-9999,1119,-9999,-9999.0000000,-9999.0000000,-1.0000000,-9999.0000000,-9999.0000000,0.0000000
57,CAM55,26.602573970000002,-103.813130000000000,1121.675414999999900,2018-10-21T18:38:36Z,2018-10-21T18:38:36Z,-9999,1120,-9999,-9999.0000000,-9999.0000000,-1.0000000,-9999.0000000,-9999.0000000,0.0000000
58,CAM59,26.606969020000001,-103.866560000000010,1126.414062000000100,2018-10-22T22:44:35Z,2018-10-22T22:44:35Z,-9999,1120,-9999,-9999.0000000,-9999.0000000,225.0000000,-9999.0000000,-9999.0000000,0.0000000
59,CAM60,26.604901040000001,-103.876673999999990,1126.647339000000100,2018-10-22T23:20:32Z,2018-10-22T23:20:32Z,-9999,1120,-9999,-9999.0000000,-9999.0000000,24.7259998,-9999.0000000,-9999.0000000,0.2025700